(382,128)
(117,325)
(829,251)
(17,183)
(911,142)
(199,484)
(325,240)
(920,723)
(274,899)
(664,836)
(257,635)
(958,48)
(965,566)
(926,836)
(465,920)
(905,944)
(738,782)
(671,73)
(981,305)
(943,403)
(773,597)
(177,608)
(615,69)
(273,327)
(588,34)
(476,402)
(70,477)
(826,769)
(630,778)
(757,817)
(704,71)
(880,91)
(482,52)
(451,632)
(744,609)
(851,817)
(879,78)
(955,80)
(769,704)
(342,860)
(297,907)
(785,738)
(22,569)
(712,864)
(910,77)
(148,162)
(851,438)
(318,433)
(334,691)
(16,725)
(302,212)
(749,290)
(438,485)
(155,334)
(563,825)
(40,124)
(899,517)
(343,252)
(72,213)
(935,677)
(418,773)
(299,393)
(235,99)
(755,736)
(959,630)
(390,582)
(447,741)
(856,87)
(619,939)
(237,787)
(748,973)
(464,286)
(61,599)
(545,911)
(145,677)
(71,580)
(989,226)
(649,981)
(384,957)
(90,741)
(874,34)
(597,301)
(874,920)
(720,444)
(199,244)
(715,542)
(243,209)
(235,191)
(204,446)
(739,161)
(606,959)
(941,267)
(942,63)
(843,484)
(783,801)
(393,573)
(920,302)
(679,329)
(833,762)
(585,568)
(698,887)
(713,408)
(15,92)
(841,490)
(124,658)
(991,749)
(746,929)
(954,543)
(607,408)
(465,49)
(935,437)
(536,465)
(534,315)
(644,668)
(324,603)
(153,26)
(186,252)
(405,534)
(996,519)
(659,454)
(10,165)
(422,149)
(842,666)
(884,29)
(443,833)
(248,50)
(816,74)
(287,583)
(916,265)
(565,495)
(391,534)
(222,430)
(812,448)
(339,529)
(346,750)
(274,115)
(827,676)
(726,201)
(957,551)
(693,392)
(163,738)
(928,181)
(490,341)
(79,842)
(118,744)
(150,59)
(123,997)
(996,553)
(799,235)
(450,165)
(416,829)
(681,77)
(566,968)
(320,701)
(84,690)
(523,218)
(975,325)
(555,711)
(156,345)
(296,979)
(207,298)
(240,552)
(434,728)
(314,103)
(278,666)
(770,509)
(460,916)
(117,795)
(427,900)
(277,54)
(398,993)
(314,397)
(452,25)
(71,963)
(53,54)
(708,894)
(320,139)
(69,189)
(184,329)
(691,847)
(334,849)
(566,562)
(912,145)
(218,373)
(220,659)
(65,632)
(335,517)
(989,445)
(722,70)
(488,411)
(202,583)
(91,163)
(415,153)
(910,831)
(854,168)
(544,146)
(791,713)
(722,357)
(571,996)
(674,399)
(364,273)
(842,237)
(386,938)
(795,812)
(336,266)
(301,465)
(916,535)
(195,161)
(850,131)
(564,805)
(450,574)
(811,64)
(626,402)
(402,879)
(411,599)
(201,648)
(309,958)
(5,81)
(745,240)
(993,109)
(204,611)
(461,547)
(490,704)
(531,461)
(781,760)
(551,640)
(248,785)
(175,52)
(240,385)
(844,722)
(795,956)
(845,908)
(350,941)
(310,446)
(596,354)
(410,299)
(953,745)
(732,334)
(751,328)
(191,153)
(595,904)
(85,927)
(536,740)
(487,376)
(184,719)
(293,122)
(544,91)
(983,667)
(708,478)
(48,916)
(469,29)
(710,466)
(855,660)
(558,202)
(851,103)
(700,989)
(311,964)
(29,72)
(829,823)
(197,418)
(628,50)
(176,413)
(804,92)
(284,550)
(342,336)
(382,518)
(395,313)
(652,359)
(567,702)
(725,160)
(327,488)
(836,535)
(135,48)
(646,10)
(247,681)
(712,270)
(543,760)
(991,653)
(445,300)
(782,558)
(981,18)
(814,71)
(185,23)
(607,452)
(358,551)
(679,221)
(903,901)
(396,234)
(569,364)
(29,750)
(188,408)
(535,688)
(180,183)
(12,971)
(400,368)
(976,889)
(126,680)
(268,566)
(656,119)
(221,435)
(17,637)
(834,156)
(373,272)
(10,456)
(376,562)
(851,474)
(71,636)
(423,604)
(174,630)
(891,319)
(712,140)
(892,613)
(867,72)
(435,420)
(340,143)
(477,481)
(694,893)
(944,553)
(134,98)
(475,226)
(430,522)
(4,686)
(956,959)
(171,380)
(628,469)
(498,282)
(104,486)
(208,64)
(534,749)
(121,628)
(743,224)
(921,475)
(629,294)
(711,684)
(888,484)
(263,259)
(256,447)
(279,93)
(182,162)
(985,595)
(312,743)
(828,4)
(925,463)
(371,600)
(939,641)
(101,11)
(97,261)
(976,251)
(929,486)
(79,951)
(156,577)
(608,799)
(103,54)
(577,38)
(100,110)
(373,344)
(476,880)
(521,941)
(636,681)
(911,48)
(925,246)
(385,738)
(991,663)
(380,823)
(790,442)
(485,925)
(760,526)
(687,303)
(885,373)
(538,642)
(904,758)
(72,737)
(957,888)
(125,773)
(107,113)
(816,499)
(312,957)
(35,722)
(420,105)
(236,347)
(115,717)
(995,8)
(281,511)
(218,447)
(982,557)
(522,576)
(828,380)
(629,665)
(816,674)
(833,343)
(902,29)
(698,182)
(345,451)
(575,284)
(210,669)
(347,353)
